dm01db01 = 11.2.2.4.2.111221
dm01db02 = 11.2.2.4.2.111221
